1371.548
1316.499
1291.992
1317.883
1236.941
1317.247
1300.421
1334.303
1347.924
1244.095
1300.507
1279.849
1289.462
1259.677
1243.610
1300.483
1276.748
1281.372
1320.566
1308.874
1331.410
1339.100
1270.698
1317.177
1269.872
1277.086
1278.113
1256.737
1289.809
1335.647
1280.881
1301.758
1256.473
1264.004
1254.072
1303.568
1362.460
1362.460
1266.839
1287.874
1308.780
1239.766
1263.694
1245.620
1298.549
1318.746
1287.216
1273.256
1262.498
1285.728
1240.460
1293.731
1278.710
1249.505
1265.552
1335.473
1287.206
1271.249
1260.703
1306.235
1311.238
1296.516
1253.037
1308.082
1337.755
1302.338
1254.833
1273.937
1251.532
1278.368
1270.223
1249.046
1243.335
1288.168
1248.834
1266.814
1298.490
1261.949
1306.703
1267.904
1300.545
1287.802
1326.146
1288.557
1313.787
1310.967
1288.030
1267.442
1243.448
1244.836
1252.881
1316.987
1261.833
1298.577
1289.614
1289.614
1302.380
1282.653
1266.182
1305.875
1299.459
1319.259
1287.411
1285.532
1291.262
1278.188
1315.230
1251.678
1263.022
1263.833
1277.196
1280.968
1296.637
1318.521
1347.058
1353.192
1281.821
1310.991
1360.149
1282.507
1291.921
1267.948
1390.949
1343.783
1283.090
1270.708
1337.482
1288.211
1269.321
1253.907
1332.483
1305.216
1258.877
1245.495
1302.466
1329.468
1329.468
1263.895
1261.168
1259.518
1298.918
1290.262
1250.113
1299.479
1310.436
1292.971
1297.631
1235.687
1285.350
1282.011
1290.692
1266.708
1241.940
1281.700
1251.568
1252.915
1264.800
1260.708
1264.447
1288.954
1336.145
1289.976
1263.202
1343.928
1389.239
1277.263
1310.570
1300.600
1300.237
1277.900
1264.129
1273.914
1258.608
1268.636
1261.494
1259.202
1284.900
1284.900
1258.805
1268.782
1239.067
1259.984
1309.716
1255.556
1246.755
1352.180
1267.312
1343.595
1303.271
1275.095
1287.880
1256.613
1296.259
1282.809
1294.905
1271.846
1255.455
1279.131
1359.345
1343.348
1256.783
1253.286
1278.427
1322.352
1288.979
1253.615
1254.731
1488.670
1311.363
1379.161
1300.979
1301.612
1301.612
1281.493
1267.553
1253.341
1340.930
1322.650
1378.921
1251.777
1260.276
1271.264
1249.173
1277.463
1289.861
1289.861
1272.718
1283.985
1295.512
1274.245
1336.660
1336.660
1317.138
1275.881
1290.064
1435.930
1266.299
1328.571
1280.274
1326.842
1276.622
1251.197
1270.691
1284.068
1271.228
1317.155
1323.620
1301.105
1322.067
1318.429
1279.367
1272.429
1271.852
1287.333
1320.117
1270.611
1282.542
1352.851
1286.301
1326.453
1269.556
1252.505
1294.219
1343.168
1299.828
1307.804
1240.165
1260.862
1394.207
1320.219
1281.672
1359.413
1286.283
1300.272
1295.405
1315.601
1283.402
1254.969
1305.151
1314.566
1269.873
1301.290
1317.009
1300.469
1276.288
1322.447
1263.023
1288.284
1268.039
1289.635
1301.192
1301.880
1274.067
1303.065
1293.243
1319.552
1306.471
1308.187
1344.963
1310.366
1320.925
1284.927
1457.745
1246.754
1287.387
1326.756
1280.519
1299.887
1288.524
1270.065
1299.360
1276.051
1290.427
1295.823
1298.504
1326.146
1275.606
1273.269
1353.928
1276.364
1253.681
1288.785
1300.435
1301.267
1344.988
1281.094
1315.620
1318.741
1374.937
1286.525
1243.918
1306.664
1284.844
1301.204
1287.944
1321.584
1287.764
1270.743
1288.856
1254.457
1276.622
1253.447
1297.629
1318.237
1309.412
1255.740
1269.788
1312.232
1317.373
1286.219
1292.917
1260.206
1275.663
1296.344
1258.345
1358.649
1283.792
1326.241
1303.968
1299.678
1265.362
1263.327
1254.099
1521.887
1393.150
1326.326
1309.394
1286.568
1275.489
1264.088
1245.139
1302.777
1290.007
1298.533
1289.278
1261.787
1269.411
1269.411
1325.891
1285.537
1258.826
1245.461
1275.615
1299.732
1259.365
1251.037
1288.765
1294.734
1294.682
1361.695
1344.825
1431.897
1290.882
1274.428
1281.833
1281.833
1284.140
1263.093
1273.803
1353.702
1368.584
1282.719
1312.759
1303.585
1303.585
1326.076
1332.591
1279.670
1345.857
1262.133
1295.705
1292.731
1514.338
1353.336
1268.893
1260.088
1322.090
1287.770
1267.018
1247.587
1312.354
1372.286
1317.507
1273.827
1259.129
1360.695
1304.306
1309.743
1290.275
1264.850
1355.138
1299.900
1319.504
1258.689
1286.751
1295.129
1359.743
1303.127
1241.239
1278.418
1292.211
1248.005
1260.455
1278.264
1303.721
1290.184
1281.477
1245.789
1264.428
1237.091
1253.198
1257.660
1244.975
1240.740
1269.693
1266.278
1269.602
1264.111
1261.537
1265.926
1312.984
1312.984
1260.811
1283.942
1298.032
1273.936
1281.053
1282.233
1261.312
1391.300
1283.783
1272.367
1311.214
1321.136
1328.066
1342.985
1276.372
1300.383
1301.444
1284.737
1343.826
1252.452
1258.527
1287.553
1324.161
1302.639
1327.509
1310.328
1351.322
1274.027
1316.108
1296.013
1312.636
1305.099
1298.539
1305.511
1285.502
1329.600
1264.457
1261.158
1271.202
1279.537
1334.103
1293.100
1255.674
1262.955
1483.807
1308.906
1286.772
1382.313
1346.001
1296.711
1349.634
1245.961
1294.251
1260.919
1287.291
1355.064
1327.933
1283.784
1255.913
1268.304
1314.819
1299.757
1275.783
1319.389
1277.641
1253.247
1261.601
1254.973
1269.090
1298.179
1331.324
1297.312
1341.932
1331.289
1306.579
1274.995
1239.476
1262.513
1351.910
1319.694
1434.216
1383.123
1247.367
1312.582
1303.103
1241.664
1251.291
1328.864
1350.872
1301.420
1303.100
1297.850
1359.165
1298.675
1296.073
1302.912
1294.766
1301.028
1264.384
1322.750
1251.296
1291.084
1284.406
1300.194
1282.320
1274.060
1277.758
1284.454
1274.369
1304.199
1286.181
1319.098
1291.620
1308.726
1365.437
1308.601
1283.022
1324.350
1306.156
1260.228
1254.965
1287.393
1253.756
1407.770
1407.770
1323.352
1297.598
1265.637
1277.140
1260.217
1308.101
1288.411
1306.283
1306.644
1292.079
1310.767
1270.376
1264.920
1239.840
1305.995
1268.725
1300.723
1293.796
1279.819
1300.831
1283.432
1305.718
1284.547
1301.994
1283.417
1287.425
1286.612
1286.080
1277.637
1254.676
1262.217
1303.147
1261.849
1312.018
1342.653
1303.469
1319.052
1322.759
1282.923
1329.398
1313.241
1277.295
1238.237
1274.345
1265.033
1251.254
1250.614
1299.680
1308.504
1263.745
1294.001
1254.812
1247.851
1294.632
1271.068
1270.051
1309.423
1305.907
1349.923
1313.128
1261.414
1271.421
1297.111
1314.338
1342.789
1275.476
1268.136
1342.726
1262.439
1249.267
1258.065
1290.508
1295.161
1302.363
1259.820
1333.228
1285.205
1274.115
1299.082
1300.807
1292.534
1280.056
1370.034
1253.023
1362.361
1276.719
1293.498
1318.921
1293.438
1327.092
1481.136
1306.487
1306.008
1266.636
1264.738
1339.423
1282.914
1308.588
1265.395
1342.250
1342.250
1276.640
1272.638
1284.126
1270.950
1304.176
1278.785
1268.699
1296.206
1276.461
1291.908
1257.182
1261.005
1265.440
1282.734
1285.864
1360.398
1353.389
1337.360
1374.143
1288.897
1276.358
1365.784
1282.898
1279.400
1232.635
1282.805
1295.766
1322.149
1291.589
1316.721
1248.878
1251.729
1249.579
1315.019
1252.565
1275.582
1262.002
1264.144
1255.836
1262.463
1294.212
1289.749
1292.328
1281.019
1279.392
1233.674
1249.723
1262.563
1286.282
1272.662
1289.259
1283.357
1268.573
1269.299
1284.321
1258.675
1335.511
1271.267
1250.093
1246.932
1275.005
1302.514
1292.546
1244.823
1257.283
1238.087
1262.268
1240.061
1233.117
1237.492
1268.940
1267.155
1237.809
1257.105
1266.733
1250.669
1294.166
1348.483
1278.941
1344.861
1254.119
1264.638
1306.498
1281.908
1280.457
1255.127
1256.193
1232.970
1300.933
1265.710
1254.595
1225.059
1268.832
1222.500
1242.871
1220.088
1195.391
1229.693
1260.384
1244.602
1263.254
1193.031
1284.786
1267.225
1274.374
1330.418
1279.690
1346.546
1284.062
1265.009
1269.180
1284.596
1286.834
1273.993
1245.772
1308.308
1298.862
1303.769
1270.834
1326.912
1203.643
1243.246
1204.250
1262.314
1270.865
1241.164
1287.655
1256.343
1351.261
1307.220
1296.957
1270.058
1271.638
1206.120
1228.250
1176.239
1262.903
1281.459
1277.514
1277.174
1272.935
1304.417
1267.865
1258.929
1261.518
1260.404
1323.197
1529.883
1239.941
1246.930
1290.400
1267.476
1276.042
1164.177
1299.170
1250.923
1287.268
1310.520
1335.066
1320.703
1303.109
1367.901
1370.619
1363.626
1297.173
1253.336
1397.089
1313.749
1267.206
1262.248
1274.058
1261.699
1261.624
1279.160
1357.574
1362.230
1321.356
1257.693
1225.388
1216.229
1284.014
1209.838
1237.447
1273.261
1243.623
1225.753
1295.597
1274.213
1261.466
1259.945
1534.660
1278.892
1278.892
1323.995
1332.587
1273.694
1322.206
1350.596
1289.080
1289.080
1348.348
1348.348
1348.534
1348.534
1293.949
1293.949
1328.229
1366.579
1298.321
1275.350
1292.919
1289.157
1252.058
1298.857
1272.384
1268.089
1276.442
1279.904
1406.449
1268.263
1308.151
1272.021
1264.283
1327.209
1293.680
1293.680
1295.833
1277.543
1331.479
1262.981
1246.747
1204.002
1290.578
1254.686
1269.142
1290.855
1241.653
1284.943
1305.647
1264.077
1253.344
1281.810
1281.535
1271.928
1248.981
1290.824
1281.751
1261.832
1243.434
1243.826
1242.491
1236.587
1275.745
1259.147
1271.705
1248.613
1300.365
1270.169
1243.067
1238.123
1252.642
1291.383
1265.505
1262.495
1283.737
1257.386
1240.737
1252.434
1345.900
1274.848
1267.703
1262.671
1236.211
1247.689
1256.095
1261.438
1238.325
1280.996
1350.878
1420.795
1333.338
1260.450
1304.731
1311.442
1274.461
1254.282
1299.374
1282.963
1297.851
1247.559
1337.037
1270.887
1319.859
1328.640
1355.350
1263.297
1242.107
1263.893
1259.011
1285.160
1220.035
1319.001
1288.555
1285.155
1295.218
1286.164
1286.164
1251.030
1328.875
1339.850
997.100
1197.338
1274.038
1307.940
1262.817
1330.050
1350.148
1323.267
1200.174
1280.163
1167.788
1318.347
1317.461
1253.313
1302.406
1346.094
1307.306
1309.042
1329.780
1315.413
1315.413
1453.957
1353.118
1264.658
1276.924
1276.924
1371.482
1264.655
1324.647
1272.144
1272.144
1307.321
1306.845
1306.845
1291.623
1404.620
1329.374
1279.307
1255.972
1251.358
1262.878
1301.643
1290.819
1276.850
1340.244
1326.718
1289.093
1311.432
1342.387
1436.229
1351.781
1255.655
1275.970
1271.412
1309.238
1340.226
1336.940
1367.538
1320.767
1405.391
1338.360
1267.393
1292.149
1376.043
1344.194
1328.842
1624.646
1357.626
1232.016
1317.553
1296.636
1320.935
1351.053
1351.053
1319.353
1292.382
1257.159
1298.763
1290.851
1227.063
1235.760
1092.794
1057.835
1054.331
1095.002
1076.527
1132.511
1091.562
1110.694
1179.147
1304.446
1279.874
1129.341
1166.448
1229.322
1225.270
1262.536
1263.883
1317.649
1271.380
1239.685
1289.920
1232.696
1263.120
1252.524
1262.111
1292.493
1280.886
1276.270
1254.212
1309.501
1270.827
1248.253
1293.073
1261.233
1238.263
1273.656
1344.071
1369.863
1268.715
1334.222
1266.439
1276.742
1262.335
1257.390
1284.697
1263.776
1317.900
1244.222
1271.993
1251.241
1274.078
1253.307
1307.433
1304.593
1278.282
1293.591
1273.611
1242.895
1240.203
1237.576
1353.895
1262.896
1243.357
1333.413
1283.394
1331.031
1275.788
1314.328
1276.684
1262.470
1300.371
1268.026
1269.325
1258.190
1248.696
1268.604
1308.763
1290.464
1297.416
1365.959
1303.896
1338.159
1307.192
1304.146
1273.448
1241.923
1285.054
1255.005
1260.902
1340.021
1247.615
1251.380
1290.619
1249.292
1244.645
1258.049
1241.613
1286.278
1286.799
1271.021
1237.822
1333.750
1305.559
1311.917
1305.126
1305.126
1301.697
1301.697
1320.263
1293.980
1288.591
1329.001
1279.673
1298.549
1298.549
1280.861
1280.861
1295.043
1298.464
1313.082
1244.603
1282.421
1305.552
1273.669
1316.125
1316.666
1322.149
1233.233
1316.775
1313.854
1291.276
1346.007
1305.270
1288.973
1304.691
1293.302
1275.437
1341.332
1296.375
1331.420
1297.025
1273.900
1297.833
1327.203
1314.121
1298.193
1328.544
1277.647
1264.757
1282.885
1272.454
1278.168
1262.553
1270.421
1243.972
1246.309
1256.589
1249.727
1274.158
1299.041
1284.936
1310.318
1306.438
1299.018
1286.934
1345.728
1304.502
1320.218
1283.083
1265.809
1265.809
1320.674
1262.343
1310.939
1322.888
1422.334
1273.191
1328.566
1412.208
1352.793
1274.750
1253.282
1399.223
1399.223
1309.778
1254.022
1320.707
1317.391
1294.973
1292.868
1280.566
1312.241
1305.822
1372.105
1372.105
1279.419
1246.522
1246.509
1278.162
1271.756
1345.566
1476.257
1338.283
1306.785
1374.135
1283.676
1248.442
1257.164
1303.049
1303.858
1349.629
1260.812
1296.570
1342.132
1292.173
1274.557
1328.400
1322.933
1344.178
1290.624
1290.624
1292.815
1287.699
1339.751
1335.208
1335.208
1342.225
1318.208
1318.208
1305.054
1305.054
1290.693
1290.693
1279.782
1296.544
1289.378
1289.378
1289.390
1312.348
1312.348
1325.473
1399.256
1397.577
1305.708
1439.164
1277.815
1338.663
1307.468
1295.045
1389.110
1297.825
1316.277
1295.978
1676.607
1676.607
1304.768
1270.002
1338.060
1314.009
1345.929
1345.929
1276.894
1274.749
1315.122
1290.004
1267.064
1303.041
1267.874
1264.883
1241.614
1243.691
1552.821
1366.211
1335.153
1335.153
1337.973
1404.093
1384.563
1317.757
1266.497
1269.816
1296.572
1263.682
1303.686
1288.449
1264.419
1259.852
1381.050
1244.236
1259.540
1240.312
1193.101
1203.320
1224.040
1241.728
1248.786
1244.609
1246.195
1287.488
1310.036
1305.952
1291.920
1302.581
1271.966
1305.109
1290.120
1307.391
1269.399
1375.633
1282.437
1303.535
2793.526
1410.288
1419.363
1367.463
1319.307
1352.649
1360.771
1252.135
1282.710
1270.564
1355.413
1393.118
1374.536
1350.248
1327.605
1327.605
1301.818
1275.838
1304.096
1250.009
1307.696
1307.729
1261.832
1269.367
1265.492
1252.799
1269.850
1304.967
1279.561
1251.874
1277.570
1292.564
1292.564
1308.916
1269.415
1290.358
1290.358
1408.353
1235.634
1280.458
1300.166
1443.104
1222.546
1271.135
1803.242
1296.797
1263.016
1258.231
1287.875
1314.253
1316.071
1290.567
1350.473
1288.838
1300.501
1346.016
1346.016
1277.221
1389.994
1389.994
1298.303
1313.837
1299.658
1276.909
1280.808
1323.773
1315.478
1447.179
1314.781
1487.171
1477.359
1437.623
1402.689
1300.012
1481.386
1258.796
1303.928
1274.556
1294.033
1287.576
1253.330
1300.498
1277.101
1338.668
1293.662
1277.856
1395.755
1281.689
1264.136
1325.688
1265.942
1285.417
1283.269
1314.372
1319.818
1307.874
1266.496
1259.792
1281.262
1308.931
1302.528
1313.901
1319.051
1319.051
1389.076
1283.876
1351.249
1462.697
1530.697
1610.884
1550.679
1287.284
1287.284
1310.282
1257.360
1281.411
1265.203
1265.203
1440.136
1496.641
1330.900
1478.212
1504.442
1444.635
1265.674
1248.053
1244.654
1244.350
1274.469
1274.469
1277.966
1237.959
1237.959
1266.393
1422.310
1269.770
1403.252
1358.631
1306.289
1239.933
1275.257
1275.257
1311.999
1336.608
1287.146
1287.146
1284.752
1243.172
1284.786
1260.545
1277.643
1296.106
1265.639
1236.801
1275.090
1299.896
1320.231
1281.070
1282.841
1282.032
1288.162
1287.910
1289.012
1254.631
1380.878
1380.878
1343.857
1312.794
1439.346
1447.821
1437.778
1305.216
1305.216
1323.696
1341.449
1258.995
1295.382
1262.933
1319.294
1302.221
1328.384
1362.861
1362.861
1287.565
1286.836
1244.838
1276.868
1387.853
1343.146
1281.385
1289.835
1300.664
1299.319
1298.428
1300.758
1301.283
1319.441
1263.955
1398.455
1398.455
1291.699
1333.432
1249.218
1258.397
1279.129
1279.675
1318.208
1248.604
1241.640
1248.005
1249.127
1257.801
1337.877
1295.243
1245.096
1260.030
1365.614
1348.199
1277.978
1245.007
1252.739
1332.981
1294.768
1305.397
1263.549
1307.829
1259.505
1268.873
1257.478
1242.682
1237.499
1234.748
1233.256
1233.967
1240.393
1251.640
1230.336
1211.009
1217.611
1224.522
1244.921
1267.236
1266.883
1336.327
1322.911
1316.957
1301.744
1292.203
1271.485
1273.501
1328.844
1274.130
1271.789
1287.613
1286.272
1317.092
1319.676
1322.915
1326.980
1334.458
1277.943
1347.141
1347.141
1312.619
1301.112
1247.594
1275.900
1316.078
1316.078
1316.714
1313.800
1299.248
1321.474
1297.806
1301.821
1285.053
1330.429
1297.589
1294.451
1276.450
1311.609
1264.873
1239.474
1243.850
1270.400
1300.157
1291.153
1284.548
1312.118
1300.158
1281.425
1325.245
1270.002
1190.314
1253.735
1295.293
1313.008
1259.905
1245.712
1227.979
1224.844
1166.643
1267.180
1190.440
1118.959
1152.168
1236.217
1281.066
1296.087
1274.501
1215.586
1252.726
1278.640
1277.229
1263.521
1244.772
1292.850
1306.459
1318.515
1271.213
1310.146
1300.818
1269.122
1331.174
1293.088
1318.193
1276.470
1293.961
1272.635
1272.635
1278.324
1237.487
1239.619
1241.998
1283.532
1294.973
1280.198
1319.309
1313.975
1287.579
1274.976
1255.735
1286.363
1343.605
1303.510
1337.339
1394.276
1287.926
1282.189
1317.689
1276.193
1248.683
1284.292
1227.037
1254.927
1248.946
1247.813
1256.914
1240.232
1243.958
1278.364
1275.651
1310.967
1283.891
1254.920
1347.339
1320.204
1275.375
1239.768
1263.792
1264.715
1256.158
1266.499
1273.008
1266.442
1237.744
1283.189
1280.820
1320.214
1298.971
1310.381
1307.344
1257.786
1295.264
1284.159
1297.077
1329.085
1339.883
1323.160
1263.502
1295.346
1311.495
1326.625
1250.345
1273.506
1244.661
1314.946
1281.367
1271.541
1374.197
1436.187
1355.805
1282.252
1304.003
1281.699
1318.694
1274.313
1274.313
1267.744
1279.863
1284.065
1116.836
1233.342
1078.974
1134.111
1201.552
1291.904
1365.903
1291.519
1247.482
1256.404
1260.805
1261.150
1259.987
1286.976
1306.724
1333.034
1317.964
1272.014
1276.493
1295.541
1292.231
1259.602
1252.983
1291.603
1290.032
1255.274
1280.566
1253.633
1252.151
1248.039
1305.186
1293.968
1279.055
1296.922
1252.458
1275.044
1250.524
1278.231
1270.709
1296.772
1321.730
1271.609
1330.656
1271.159
1267.128
1249.704
1296.715
1291.176
1279.549
1342.960
1259.882
1259.664
1280.132
1287.602
1350.901
1266.651
1275.795
1288.098
1251.840
1269.820
1317.098
1317.314
1285.153
1253.935
1212.292
1171.231
1255.662
1259.538
1246.245
1218.228
1234.436
1378.447
1334.669
1261.836
1313.373
1352.472
1304.399
1283.553
1373.712
1320.662
1265.215
1289.764
1260.406
1285.774
1246.253
1269.237
1260.977
1429.567
1306.751
1290.000
1269.210
1303.916
1255.564
1273.463
1282.873
1287.358
1314.879
1287.522
1253.095
1245.278
1319.212
1249.996
1261.085
1292.416
1310.979
1513.826
1251.438
1269.853
1235.503
1301.938
1301.342
1295.379
1258.915
1307.997
1274.243
1289.041
1214.251
1308.735
1309.924
1274.712
1262.098
1288.959
1317.297
1242.645
1250.146
1281.190
1281.041
1304.798
1286.492
1331.137
1242.291
1268.990
1296.736
1299.500
1283.429
1283.457
1290.108
1242.919
1272.917
1313.530
1235.937
1266.129
1437.356
1445.775
1251.172
1246.746
1267.832
1262.528
1366.125
1365.652
1274.845
1269.526
1287.830
1300.105
1221.438
1209.595
1260.801
1310.664
1318.813
1251.368
1298.690
1434.235
1342.714
1276.030
1292.069
1267.762
1341.223
1289.109
1286.727
1362.525
1329.370
1394.889
1317.493
1282.587
1284.541
1296.944
1309.783
1368.298
1357.373
1302.745
1260.619
1249.794
1283.561
1325.937
1299.261
1378.575
1279.570
1318.581
1292.472
1239.853
1245.123
1245.963
1299.775
1267.568
1346.310
1329.630
1283.208
1329.067
1296.962
1253.627
1262.084
1376.411
1328.204
1324.327
1332.345
1297.420
1304.966
1249.340
1294.035
1367.364
1232.805
1301.732
1410.248
1323.837
1296.599
1252.134
1278.473
1294.157
1256.998
1273.066
1292.954
1291.765
1319.820
1402.288
1351.961
1308.100
1275.521
1332.949
1291.309
1344.807
1299.388
1262.518
1286.328
1266.951
1316.449
1251.461
1247.427
1254.171
1243.223
1235.650
1235.539
1239.656
1241.191
1205.298
1162.630
1190.422
1201.683
1193.614
1154.848
1102.287
1148.718
1183.237
1179.371
1207.574
1230.664
1308.186
1304.542
1103.490
1110.565
1357.300
1312.049
1249.341
1215.973
1360.271
1264.121
1305.589
1297.817
1359.771
1346.253
1316.925
1019.107
1284.005
1269.506
1294.228
1295.109
1255.151
1241.298
1218.825
1248.599
1253.884
1255.243
1248.842
1270.124
1293.523
1310.239
1278.033
1290.367
1125.852
1286.996
1243.996
1296.228
1341.503
1301.089
1345.630
1378.327
1395.970
1318.338
1272.249
1238.497
1244.223
1322.511
1266.108
1253.295
1254.626
1362.247
1386.742
1361.754
1308.628
1312.316
1312.316
1273.856
1258.211
1330.496
1284.362
1257.322
1257.322
1321.393
1358.991
1335.394
1390.818
1315.006
1300.017
1544.097
1544.097
1317.140
1241.584
1247.553
1249.061
1377.422
1377.422
1411.876
1372.773
1254.330
1293.368
1277.912
1230.546
1341.563
1387.187
1334.438
1350.100
1298.497
1320.735
1276.844
1277.485
1351.968
1335.051
1272.720
1373.346
1337.830
1270.468
1305.548
1243.454
1265.727
1354.523
1309.228
1276.976
1363.036
1314.042
1300.380
1286.727
1275.991
1284.316
1290.962
1321.241
1298.783
1289.529
1281.439
1253.862
1259.528
1376.140
1259.852
1295.352
1307.881
1250.302
1322.834
1307.990
1333.126
1270.118
1295.037
1278.935
1408.556
1408.556
1286.410
1249.918
1315.929
1285.598
1285.598
1263.653
1262.232
1238.338
1358.122
1246.933
1256.589
1278.901
1322.726
1243.223
1261.853
1255.788
1310.160
1312.428
1283.907
1268.009
1300.638
1260.581
1244.530
1285.374
1267.390
1321.422
1259.891
1245.894
1269.135
1262.454
1241.538
1269.381
1262.532
1309.605
1214.084
1188.077
1218.883
1239.909
1250.417
1248.456
1245.582
1250.525
1255.518
1255.118
1277.459
1284.095
1281.896
1248.393
1274.121
1289.024
1279.665
1277.055
1227.874
1211.413
1260.267
1252.111
1204.889
1196.583
1270.473
1179.312
1149.258
1201.632
1217.776
1270.881
1275.239
1279.597
1308.636
1315.158
1301.973
1276.939
1306.579
1281.382
1286.731
1247.866
1261.826
1296.223
1245.799
1286.757
1271.388
1282.906
1251.353
1272.136
1244.178
1318.354
1315.063
1247.803
1277.668
1316.393
1314.157
1377.876
1277.835
1308.987
1308.636
1307.506
1263.610
1269.351
1343.782
1255.569
1282.102
1305.177
1305.599
1270.683
1300.364
1291.593
1304.593
1270.322
1267.445
1707.017
1268.450
1261.319
1352.250
1291.036
1448.626
1610.104
1385.511
1407.551
1294.959
1318.409
1270.760
1327.655
1388.780
1331.296
1310.387
1297.318
1260.589
1253.548
1268.084
1310.182
1290.743
1303.925
1270.965
1269.821
1237.999
1262.562
1242.003
1256.861
1269.351
1245.786
1289.404
1336.238
1288.899
1282.450
1282.450
1295.411
1318.488
1282.505
1310.480
1254.786
1300.598
1312.517
1312.478
1341.668
1342.652
1302.081
1335.728
1335.728
1331.497
1260.855
1345.433
1291.861
1291.640
1298.900
1330.364
1201.831
1194.117
1311.655
1251.873
1250.665
1240.585
1302.165
1345.193
1284.196
1236.953
1208.110
1263.765
1293.156
1262.726
1331.865
1299.108
1346.883
1284.843
1308.237
1290.001
1358.033
1309.409
1493.468
1388.291
1388.291
1439.949
2793.569
1299.712
1272.505
1279.817
1255.418
1286.020
1266.180
1426.682
1269.868
1311.028
1278.824
1281.232
1296.128
1260.304
1251.696
1363.582
1243.229
1316.260
1343.597
1326.384
1328.462
1330.467
1322.465
1310.945
1395.581
1539.706
1342.621
1287.163
1263.685
1414.878
1377.890
1377.890
1320.067
1332.347
1326.111
1264.464
1284.006
1291.210
1354.949
1327.870
1327.870
1300.094
1343.721
1297.811
1363.620
1624.997
1356.862
1351.787
1409.288
1418.219
1193.893
1070.423
1102.240
1068.306
1200.482
1137.546
1175.868
1232.706
1250.359
1248.182
1284.726
1320.992
1265.364
1245.332
1240.154
1202.140
1221.938
1242.083
1246.626
1246.978
1245.050
1258.081
1284.000
1303.773
1279.332
1297.965
1261.795
1244.652
1247.662
1281.695
1296.199
1376.341
1329.405
1358.558
1301.884
1263.812
1359.097
1356.324
1371.025
1302.982
1285.619
1273.114
1309.725
1254.181
1262.849
1376.160
1330.125
1246.531
1301.692
1341.284
1323.242
1309.062
1395.284
1314.779
1317.048
1308.795
1283.305
1345.443
1311.696
1250.915
1308.104
1326.587
1329.644
1256.327
1308.492
1308.492
1397.054
1287.868
1323.982
1268.308
1248.638
1289.776
1328.123
1328.123
1285.660
1262.298
1299.410
1303.092
1308.497
1283.631
1279.527
1296.273
1320.039
1292.934
1284.102
1298.781
1323.778
1343.294
1257.481
1290.791
1252.317
1280.504
1286.209
1357.337
1296.492
1248.485
1292.599
1316.116
1306.500
1321.424
1293.248
1302.533
1297.341
1328.973
1312.929
1298.851
1245.275
1309.076
1291.595
1250.668
1278.906
1281.118
1295.296
1392.883
1291.069
1367.264
1311.086
1288.964
1311.116
1315.853
1255.256
1283.928
1478.247
1273.447
1311.241
1355.243
1350.273
1360.727
1337.021
1289.381
1305.961
1388.251
1310.839
1267.031
1288.505
1252.685
1240.143
1350.073
1250.985
1284.688
1292.591
1329.560
1298.454
1312.272
1309.991
1307.565
1295.909
1330.984
1291.424
1433.285
1371.657
1322.534
1323.001
1253.545
1313.934
1294.888
1279.910
1269.148
1275.643
1279.892
1302.506
1292.187
1342.092
1356.572
1300.274
1283.636
1348.664
1286.159
1315.417
1278.409
1278.009
1325.653
1294.931
1324.178
1304.871
1333.725
1274.827
1271.513
1276.739
1292.235
1461.488
1281.227
1315.195
1302.194
1318.721
1392.408
1317.388
1396.744
1468.157
1352.669
1343.453
1280.206
1370.766
1265.368
1290.124
1314.593
1368.601
1351.583
1322.342
1365.297
1317.829
1279.827
1304.728
1265.356
1293.071
1282.097
1368.992
1240.030
1240.251
1284.988
1260.448
1272.109
1336.420
1274.908
1304.595
968.788
1284.435
1284.435
1344.992
1322.873
1473.429
1473.429
1301.871
1298.055
1298.055
1318.914
1328.484
1328.484
1300.187
1303.955
1303.955
1376.603
1376.603
1291.702
1310.161
1305.605
1305.605
1307.301
1307.301
1367.437
1286.592
1260.042
1264.898
1387.399
1319.832
1356.736
1280.458
1284.704
1293.291
1284.245
1284.245
1273.002
1286.760
1317.668
1317.668
1365.534
1334.127
1092.929
1377.055
1322.406
1292.876
1196.181
1196.181
1308.535
1308.535
1327.958
1453.938
1304.823
1415.788
1415.788
1339.816
1328.358
1311.239
1300.086
1375.715
1342.612
1342.612
993.102
1316.492
1222.679
1222.679
1335.706
1335.706
1279.185
1440.602
1357.258
1357.258
1315.559
1315.559
1334.735
1334.735
1358.864
1358.864
1216.602
1321.894
1321.894
2967.135
1026.746
1026.746
1356.606
1356.606
1399.889
1314.386
1341.343
1314.200
1484.394
1388.669
1388.669
1341.897
1385.497
1235.455
1235.455
1201.539
1375.867
1375.867
1288.027
900.725
1330.770
1166.171
1166.171
1433.980
1433.980
1105.681
1313.581
1252.489
1252.489
1383.753
1440.482
1075.229
1371.181
1383.601
1383.601
1351.848
1398.141
1389.599
1389.599
1346.891
1535.344
1535.344
1309.002
1129.836
1129.836
1339.162
1218.371
1291.615
1216.071
1371.614
1097.964
1243.037
1053.106
1053.106
1296.434
1212.979
1264.677
1275.970
1432.846
1432.846
1344.373
1291.710
1291.710
1309.415
1294.740
1228.149
1482.538
1482.538
1211.622
1502.643
1329.134
1353.384
1353.384
1543.680
1543.680
1263.595
1349.189
1349.189
1383.082
1383.082
1283.361
1283.361
1294.649
1271.183
1271.183
1385.972
1304.705
1338.552
1288.635
1492.343
1347.428
1367.679
1370.565
1442.455
1352.843
1324.450
1324.450
1303.569
1309.398
1301.171
1232.079
1263.288
1263.288
1345.418
1384.190
1320.385
1358.792
1358.792
1324.378
981.066
1488.351
1278.343
1322.386
1343.931
1218.279
1218.279
1239.584
1239.584
1305.259
1230.416
1230.416
1309.392
1242.838
1242.838
1282.423
1230.356
1094.901
1294.063
1317.405
1291.386
1291.386
1340.515
1340.515
1284.791
1320.767
1291.026
1302.570
1249.198
1293.338
1331.077
1304.122
1345.343
1298.660
1462.690
1325.080
1325.080
2986.410
2986.410
1346.519
1346.519
1291.883
1262.280
1262.280
1316.746
1316.746
1287.239
1180.290
1330.153
1398.477
1211.852
1214.372
1505.483
1505.483
1373.471
1340.818
1340.818
1271.889
1271.889
1292.642
1315.270
1127.775
1127.775
1328.636
1415.703
1115.655
1310.834
1310.834
1350.718
1334.776
1310.186
1310.186
1366.401
1316.751
1453.709
1453.709
1305.375
1079.514
1184.562
1346.324
1346.324
1347.854
1262.385
1377.566
1297.424
1353.634
1270.463
1270.463
1309.913
1357.566
1293.442
1226.230
1319.910
1198.300
1206.010
1206.010
1303.409
1303.409
1370.780
1330.493
1240.292
1240.292
1457.926
1457.926
1153.109
1342.397
1342.397
1093.722
1083.429
1342.162
675.149
1388.206
907.203
1326.514
1322.566
1322.566
1026.320
1182.144
1370.539
1010.775
1179.615
1179.615
1225.251
1258.265
1289.572
1289.572
1306.777
1306.777
1279.059
1279.059
1319.215
1308.617
2684.585
1231.463
1284.195
1284.195
1311.742
1311.742
1389.373
1316.948
1316.948
1313.777
1283.779
1318.075
1318.075
1357.750
1386.179
1297.658
1195.999
1402.417
819.883
819.883
1399.381
1375.162
1375.162
1332.503
1190.507
1190.507
1303.028
1409.316
1409.316
1344.612
1344.612
1325.358
1312.867
1334.720
1303.986
1359.704
1074.207
1306.942
1306.942
1309.050
1309.050
1310.701
1310.701
1296.521
1243.805
1286.847
1299.789
1490.098
1234.757
1391.315
1391.315
1362.479
1362.479
1497.868
1173.193
1173.193
1320.498
1358.104
1358.104
1313.760
1442.286
1282.410
1302.923
1307.529
1307.529
1388.294
1296.850
1295.716
1253.947
1253.947
1237.929
1200.245
1200.245
1327.706
1327.706
1337.598
914.763
1524.492
1320.354
1243.358
1270.420
1261.763
1247.578
1226.111
1246.038
1274.643
1226.594
1306.074
1270.298
1285.300
1351.275
1254.770
1222.983
1289.637
1264.149
1227.985
1299.909
1260.977
1260.333
1281.269
1228.017
1288.124
1226.137
1349.215
1300.574
1241.336
1332.993
1306.188
1301.794
1254.681
1162.024
1267.190
1265.359
1250.442
1375.629
1405.742
1405.742
1294.744
1401.137
1274.128
1327.501
1223.974
1269.256
1477.520
1030.030
1506.287
1202.204
1286.056
1257.249
1351.655
1307.112
1309.846
1242.352
1292.594
1297.917
1295.781
1296.727
1298.780
1303.378
1260.650
1243.970
1349.139
1302.015
1326.127
1331.692
1331.692
1332.818
1345.209
1263.917
1552.915
1476.656
1201.575
1278.084
1364.551
1248.635
1385.914
1262.570
1353.345
1335.145
1442.648
1442.648
1350.226
1446.996
1446.996
1399.208
1399.208
1273.760
1335.743
1317.845
1317.845
1237.516
1559.830
1212.077
1048.574
898.306
1248.417
1305.495
1337.297
1293.279
1293.279
1298.391
1327.579
1374.806
1072.400
1318.065
1304.738
1291.793
1291.793
1276.492
1240.565
1240.565
1371.917
1135.248
1135.248
1475.184
1250.892
1250.892
1312.791
1305.162
1356.733
1349.465
1520.732
1277.514
1375.755
1375.755
1337.381
1684.546
1684.546
1397.615
1285.979
1370.399
1380.360
1380.360
1349.423
930.154
1146.755
1293.429
1293.429
1324.393
1324.393
1106.237
1258.530
1258.530
1390.286
1390.286
1311.674
1311.674
1164.075
975.622
975.622
1306.381
1306.381
1367.698
1202.746
1232.370
1353.567
1286.398
1045.111
1233.711
1280.256
1280.256
1282.032
1282.032
1267.567
1363.048
1312.787
1281.210
1321.675
1187.570
1187.570
1253.221
1207.762
1207.762
1254.331
1279.984
1279.984
1352.208
1352.208
1292.182
1279.906
1298.369
1298.369
1280.106
1280.106
1261.724
1337.690
1276.611
1276.611
1150.383
1265.267
1191.647
1289.825
1289.825
1233.115
1248.005
1292.902
1282.882
1269.498
1270.727
1300.454
1307.087
1540.558
979.288
1222.340
1487.188
1410.366
1410.366
1418.409
1418.409
1377.190
1383.334
1625.853
1401.789
1384.675
1381.711
1381.711
1330.418
1377.378
1377.378
1108.587
1258.252
1292.079
1292.079
1243.180
1264.182
1370.542
1513.879
1513.879
1356.286
1125.342
1375.474
1404.127
924.411
1316.480
1344.170
1273.817
1343.110
1343.110
1406.589
1334.722
1285.089
1285.089
1559.931
1559.931
1343.412
1286.955
1286.955
1307.308
1418.394
1418.394
1419.904
1371.685
1390.344
1390.344
1370.453
1344.919
1306.486
1306.486
1329.402
1226.755
1022.179
1300.265
1196.874
1253.122
1368.649
1232.640
1350.253
1270.957
1270.957
1287.689
1347.976
1347.976
1304.486
1132.719
1132.719
1333.510
1333.510
1302.990
1659.178
1010.012
1010.012
1015.767
1330.196
1330.196
1306.989
1306.989
1284.058
1284.058
1264.275
1264.275
1278.281
1075.277
1367.271
1341.736
1290.360
1333.885
1273.305
1404.455
1652.207
1652.207
1458.918
1405.861
1405.861
1458.560
1458.560
1421.636
1250.037
1374.796
1640.121
1640.121
1448.960
1461.409
1369.231
1409.870
1470.971
1280.008
1280.008
1301.704
1301.704
1202.157
1265.326
1265.326
1319.660
1319.660
1244.138
1244.138
1268.058
1366.513
1366.513
1281.600
939.378
1153.245
1287.394
1451.429
1451.429
1391.700
1194.623
1194.623
1351.350
1351.350
1690.970
1690.970
1401.633
1401.633
1285.072
1308.057
1317.333
1266.643
1278.283
1273.340
1303.587
1333.850
1290.567
1290.567
1323.779
1315.908
1300.088
1294.399
1239.464
1239.464
1219.800
1236.199
1231.423
1311.644
1336.200
1313.961
1318.077
1367.713
1300.662
1300.662
1346.999
1287.345
1287.345
1340.752
887.292
1201.917
1201.917
1310.217
1310.217
1104.842
1160.401
1160.401
1167.882
1167.882
1236.484
1380.735
1236.926
1272.165
1312.609
1180.215
1078.333
1078.333
1295.048
1295.048
1316.903
1316.903
1345.078
1364.030
1290.981
1269.910
1295.116
1323.179
1323.179
1273.928
1273.928
1311.875
1312.483
1302.779
1340.405
1289.897
1319.813
1367.945
1367.945
1452.827
1452.827
1284.817
1275.128
1298.171
1298.171
1264.420
1168.836
1209.756
1231.567
1379.622
1379.622
1558.287
1292.816
1292.816
1388.256
1184.844
1315.288
1485.365
1487.762
1487.762
1519.733
1229.318
1229.318
1274.284
1274.284
1311.711
942.649
942.649
1415.039
1123.091
1123.091
1290.836
1143.278
1399.813
978.190
978.190
1132.830
1184.594
1184.594
1329.775
1140.927
1325.962
1344.012
1344.012
1319.703
1319.703
1327.126
971.509
1370.700
1276.488
1280.221
1478.078
1400.778
1256.724
1314.202
1471.487
1332.148
1448.860
1439.395
1438.769
1347.578
1298.546
1298.546
1631.482
1012.927
1012.927
1286.444
1329.425
1296.782
1337.137
1629.283
1506.784
1506.784
1323.001
1323.001
1322.106
1322.106
1305.133
1265.889
1318.177
1246.507
1246.256
1400.006
1377.134
1276.290
1264.046
1306.688
1322.841
1300.239
1143.855
1366.179
1160.234
1292.100
1292.100
1292.109
1368.154
1368.154
1339.175
1369.031
1187.753
1556.143
1777.105
1380.479
1371.196
1371.196
1439.903
1439.903
1416.692
1259.523
1259.523
1601.543
1601.543
1165.261
1165.261
1326.607
1326.607
1149.271
1310.228
1371.892
1337.405
1327.486
1332.746
1332.746
1271.812
1271.812
1365.410
1365.410
1341.003
1310.660
1310.660
1281.335
1351.255
1300.970
1347.605
1207.127
1307.479
1302.418
1289.249
1289.249
1340.716
1268.211
1355.175
1580.609
1212.492
1354.295
1390.815
1388.966
1117.382
1271.609
1523.707
1333.282
1333.282
1316.260
1231.819
1231.819
1298.199
939.308
924.602
924.602
1294.750
1294.750
1275.194
1214.990
1251.319
1300.172
1300.172
1379.885
1373.368
1251.612
1251.612
1262.537
1129.826
1265.777
1334.447
1133.023
1133.023
1289.944
1281.231
1444.222
1300.483
1304.595
1322.652
1327.719
1380.079
1380.079
1320.293
1351.831
1360.154
1360.154
1270.906
1270.906
1341.630
1341.630
1312.112
1312.112
1301.226
1308.405
1039.896
1319.083
1330.439
1330.439
1327.724
1110.368
1122.438
1334.938
1334.938
1312.595
1312.595
1359.214
1320.259
1330.609
1294.369
1301.956
1301.956
1416.802
1255.752
1255.752
1278.374
1381.866
1381.866
1531.051
1531.051
1404.175
1404.175
1234.676
1290.499
1290.499
1349.975
1428.151
1257.257
1330.108
1319.884
1319.884
1325.238
1309.410
1509.851
1261.777
1261.777
1348.407
1456.545
1413.009
1413.009
1354.005
1354.005
1329.071
1284.942
1284.942
1365.369
1230.085
1343.534
1319.292
1319.292
1233.105
1233.105
1203.850
1203.850
1320.238
1071.818
1441.103
1208.206
1278.615
1278.615
1392.273
1392.273
1455.077
1254.544
1254.544
1336.427
1137.422
1309.993
1309.993
1348.511
1348.511
1309.999
1265.977
1323.709
1288.903
1285.050
1237.486
1294.887
1285.796
1307.749
1244.673
1286.474
1272.802
1291.901
1281.294
1305.563
1265.545
1295.482
1301.879
1315.291
1288.510
1306.412
1281.194
1302.927
1282.115
1293.747
1293.747
1305.189
1295.243
1295.243
1164.509
1164.509
1255.517
1392.503
1392.503
1297.465
1383.594
1372.550
1255.855
1255.855
1276.387
1276.387
1348.647
1348.647
1283.193
751.157
1224.358
1119.759
1263.463
1348.005
1348.005
1300.411
1352.760
1289.969
1289.969
1279.268
1279.268
1274.368
1274.368
1292.138
1371.856
1328.883
1287.699
1276.635
1276.635
1063.192
1063.192
1361.107
1313.651
1313.651
1298.446
1263.872
1263.872
1339.520
1299.529
1330.931
1330.931
1275.724
1352.333
1352.333
1278.470
1317.891
1315.406
1280.867
1212.329
1269.802
1227.370
1234.709
1237.892
1192.509
1178.366
1189.724
1228.032
1311.054
1275.622
1283.642
1243.065
1265.236
1288.995
1299.045
1028.524
1344.443
1344.443
1152.777
1304.296
1337.688
1337.688
1415.961
1415.961
1372.378
1404.240
1084.995
1314.812
1457.195
1328.327
1236.904
1367.414
1281.530
1365.252
1365.252
1336.288
1238.424
1183.224
1183.224
1341.709
1201.795
1201.795
1311.556
1311.556
1386.393
1363.327
1280.773
1225.692
1296.880
1247.952
1234.787
1236.319
1270.935
1198.571
1186.364
1158.854
1217.901
1300.942
1329.159
1220.503
1220.503
1290.660
1290.660
1347.616
1174.995
1174.995
1247.716
1206.317
1206.317
1308.088
1349.808
1275.756
1289.790
1324.981
1280.922
1277.147
1263.103
1289.843
1169.048
1184.924
1274.969
1327.602
1201.665
1226.884
1231.700
1272.379
1251.179
1313.520
1425.607
1300.857
1258.211
1366.768
1382.819
1350.896
1313.482
1293.580
1343.942
1317.276
1239.024
1239.024
1231.536
1066.110
1066.110
1263.609
1090.644
1090.644
1427.439
1427.439
1423.923
1423.923
1298.862
1327.813
1327.813
1461.494
1363.808
1363.808
1180.246
1341.486
1213.740
1459.787
1459.787
1306.197
1306.197
1323.102
1323.102
1472.400
1472.400
1668.399
1668.399
1395.009
1258.092
1069.399
1069.399
1378.169
1408.055
1365.829
1332.458
1337.780
1337.780
1310.031
1300.964
1158.898
1275.282
1202.926
1202.926
1297.778
1353.408
1329.275
1289.576
1289.576
1292.515
1300.568
1277.717
1335.417
1276.101
1279.758
1279.758
1281.000
1281.000
1460.402
1460.402
1335.952
1297.829
1337.104
1409.522
1409.522
1382.410
1463.177
1483.771
1336.688
1284.816
1243.463
1517.394
1278.909
1250.173
1244.978
1244.671
1244.393
1246.677
1264.192
1316.441
1314.408
1290.682
1258.018
1246.201
1270.578
1294.348
1294.348
1293.162
1266.862
1308.710
1296.968
1284.116
1281.191
1275.315
1302.694
1270.304
1330.692
1313.202
1238.248
1321.070
1321.070
1320.125
1292.060
1274.245
1303.338
1311.948
1318.343
1286.905
1269.436
1296.729
1279.413
1246.217
1243.100
1252.234
1307.021
1310.850
1272.404
1261.645
1332.124
1288.582
1294.800
1296.070
1305.375
1312.298
1266.861
1301.439
1319.546
1288.493
1264.382
1266.210
1293.696
1278.723
1250.389
1212.100
1260.004
1298.187
1317.492
1248.600
1273.883
1354.126
1405.439
1245.515
1244.852
1246.103
1244.491
1245.189
1258.507
1336.215
1313.772
1263.337
1285.409
1283.335
1306.829
1274.365
1320.631
1291.359
1362.318
1316.495
1356.774
1332.408
1364.907
1265.840
1261.616
1249.079
1259.512
1251.515
1306.145
1304.621
1302.580
1299.743
1301.813
1272.499
1306.605
1281.173
1457.505
1457.505
1231.402
1322.060
1304.514
1340.981
1414.897
1414.897
1296.957
1296.957
1310.829
1344.169
1344.169
1249.341
1377.644
1377.644
1334.152
1334.152
1322.093
1301.746
1311.605
1413.271
1413.271
1345.749
1427.242
1292.781
1372.683
1383.752
1309.683
1309.683
1424.944
1333.274
1350.224
1289.608
1361.193
1361.193
1337.685
1603.917
1603.917
1383.826
1437.367
1328.593
1309.564
1309.564
1240.352
1473.104
1473.104
1382.134
1329.402
1260.675
1111.504
878.656
1280.961
1280.961
1309.210
1309.210
1278.194
1462.255
1452.431
1521.182
1322.621
1322.621
1317.040
1317.040
1319.290
1319.290
1487.757
723.338
1508.179
1508.179
1368.312
1388.088
1412.992
1541.864
1541.864
1655.332
1587.622
1313.692
1313.692
1358.945
1358.945
1343.134
1309.616
1319.840
1319.840
1258.858
1377.340
1377.340
1301.784
1423.034
1423.034
1448.556
1448.556
1320.447
1011.009
1105.726
1028.304
1251.685
1251.685
1301.157
1301.157
1320.599
1324.903
1198.293
1253.392
1253.392
1377.140
1237.725
1203.612
1203.612
1360.367
806.388
956.796
1337.655
1023.187
1280.907
1268.264
1274.691
1378.779
1425.000
1273.212
1252.428
1351.958
968.403
1173.689
1257.290
1314.389
1314.389
1669.286
1669.286
1100.717
1190.033
1329.473
1266.682
1414.415
1459.299
1606.662
1400.598
1400.598
898.473
898.473
1223.060
1223.060
1060.992
1215.813
1137.694
1137.694
1535.540
1535.540
1510.225
1510.225
1063.010
1363.824
1363.824
1317.986
1144.601
1288.927
1288.927
1277.959
1321.668
1305.943
1343.701
1281.259
1359.378
1359.378
1324.802
1324.802
1329.300
1308.668
1374.086
1140.528
1417.286
1197.278
1197.278
1275.244
844.268
1398.547
1398.547
1223.312
1366.870
1079.895
1162.945
1207.500
1352.839
1324.663
1483.879
1483.879
1255.367
1260.922
1290.686
1290.686
1348.934
1305.413
833.650
833.650
1344.765
1315.574
1143.251
1334.194
1320.670
1462.051
1462.051
1306.459
983.840
1310.155
1355.498
1353.295
1374.935
1365.574
1365.574
1329.697
894.061
894.061
1114.773
1429.351
1380.934
1380.934
1123.208
1123.208
1400.814
1284.918
1284.918
1520.166
1520.166
1220.358
1213.199
1267.715
1264.740
1386.721
1373.236
1255.761
1278.086
1233.367
1196.761
1218.386
1258.283
1226.492
1330.296
1273.767
1247.751
1177.709
1284.283
1258.188
1255.994
1235.413
1251.508
1226.240
1208.530
1299.771
1326.244
1202.700
1203.158
1282.291
1344.870
1368.701
1263.053
1272.043
1282.674
1355.961
1196.106
1190.575
1190.575
1324.005
1197.255
1231.266
1177.163
1177.163
1283.732
1283.732
1299.140
1228.550
1228.550
1311.849
1306.722
1290.204
1270.536
1317.992
1317.992
1382.097
1286.495
1326.773
1174.655
1303.364
1343.864
1187.417
1211.646
1207.135
1213.493
1179.085
1214.630
1258.633
1206.284
1159.552
1182.693
1222.258
1254.449
1339.673
1319.784
1274.144
1340.318
1297.505
1321.954
1312.090
1249.627
1279.322
1314.895
1323.131
1330.266
1317.292
1286.870
1270.648
1294.506
1271.656
1297.413
1205.519
1275.783
1254.966
1269.788
1222.227
1345.639
1330.292
1265.080
1225.895
1306.986
1251.731
1263.075
1242.001
1199.301
1184.163
1343.931
1300.510
1289.505
1273.049
1456.241
1456.241
1425.596
1401.741
1401.741
1376.267
1397.827
1397.827
1262.707
1273.795
1318.134
1359.998
1358.028
1263.513
1362.956
1330.730
1271.596
1347.426
1383.418
1281.264
1321.929
1272.048
1260.067
1249.571
1292.691
1299.545
1283.565
1290.887
1426.531
1285.439
1251.152
1248.559
1305.079
1287.566
1290.435
1262.004
1226.499
1208.700
1170.109
1244.158
1242.193
1219.663
1248.417
1225.757
1258.464
1444.408
1443.288
1263.913
1337.676
1283.151
1299.020
1487.303
1591.647
1342.729
1311.323
1273.425
1249.236
1272.573
1365.000
1292.732
1271.740
1335.869
1359.563
1324.098
1267.605
1362.366
1386.631
1280.175
1283.817
1297.501
1282.683
1274.548
1275.837
1272.224
1588.749
1342.476
1281.122
1305.930
1263.813
1302.917
1327.557
1300.600
1263.106
1281.534
1274.546
1233.335
1257.363
1222.531
1246.688
1226.501
1250.436
1262.988
1276.691
1295.374
1324.508
1305.700
1414.874
1422.322
1282.282
1323.492
1299.142
1324.219
1252.455
1239.834
1208.377
1207.507
1206.854
1255.844
1240.232
1154.166
1162.374
1171.376
1171.118
1183.723
1229.343
1243.076
1173.416
1188.125
1215.198
1339.015
1287.176
1287.176
1391.033
1330.620
1301.904
1363.752
1363.752
1291.198
1313.366
1311.642
1334.501
1343.539
1343.539
1303.911
1297.237
1297.237
1299.977
1304.483
1304.483
1272.928
1250.085
1322.224
1304.433
1377.986
1237.586
1273.158
1385.080
1385.080
1317.703
1292.198
1308.010
1293.463
1306.652
1308.095
1206.692
1259.722
1339.778
1230.584
1195.374
1156.443
1201.822
1256.706
1169.171
1286.806
1226.700
1234.943
1237.230
1374.711
1424.746
1424.746
1362.844
1362.844
1344.930
1333.231
1314.412
1290.729
1737.472
1383.103
1496.415
1286.718
1305.180
1279.339
1349.541
1349.541
1298.892
1295.471
1306.133
1277.819
1277.819
1282.971
1260.582
1260.513
1260.513
1295.773
1206.614
1315.462
1382.651
1424.891
1353.517
1306.902
1282.295
1318.500
1312.223
1313.673
1403.368
1378.435
1583.940
1583.940
1322.853
1367.688
1583.228
1583.228
1397.681
1267.776
1361.042
1327.866
1339.838
1333.943
1411.164
1370.566
1261.362
1304.154
1273.096
1265.125
1280.132
1404.893
1501.994
1314.431
1360.058
1274.596
1325.573
1302.742
1320.632
1294.030
1267.937
1246.066
1302.406
1265.622
1273.144
1317.843
1260.032
1344.822
1294.621
1276.086
1301.968
1346.755
1293.656
1286.542
1237.576
1264.344
1242.191
1316.844
1294.591
1320.159
1283.082
1295.868
1296.086
